PROJECTION
	"proj=lcc"
	"lat_1=49.5"
	"lat_0=49.5"
	"lon_0=2.337229166666667"
	"k_0=0.999877341"
	"x_0=600000"
	"y_0=1200000"
	"a=6378249.2"
	"b=6356514.999904194"
	"units=m"
	"no_defs"
END