PROJECTION
	"proj=lcc"
	"lat_1=46.8"
	"lat_0=46.8"
	"lon_0=2.337229166666667"
	"k_0=0.99987742"
	"x_0=600000"
	"y_0=2200000"
	"a=6378249.2"
	"b=6356514.999904194"
	"units=m"
	"no_defs"
END